<<<<<<< HEAD
{
	"Fixtures":[
		{"FixtureType":"Tree branch",
		"IP":"2.1.168.192",
		"Matrix":[0.907391, 0.000000, 0.420348, 0.000000, -0.419158, -0.075195, 0.904822, 0.000000, 0.031607, -0.997195, -0.068230, 0.000000, -2.105358, 4.146320, -1.583970, 1.000000]},
		{"FixtureType":"Tree branch",
		"IP":"192.168.1.2",
		"Matrix":[0.122445, -0.700756, -0.702826, 0.000000, 0.992484, 0.086454, 0.086709, 0.000000, 0.000000, -0.708155, 0.706069, 0.000000, 1.375506, 1.392058, 0.012446, 1.000000]},
		{"FixtureType":"Tree branch",
		"Matrix":[1.000000, 0.000000, 0.000000, 0.000000, 0.000000, 1.000000, 0.000000, 0.000000, 0.000000, 0.000000, 1.000000, 0.000000, 5.139630, 6.355574, 0.000000, 1.000000]},
		{"FixtureType":"Tree branch",
		"Matrix":[1.000000, 0.000000, 0.000000, 0.000000, 0.000000, 1.000000, 0.000000, 0.000000, 0.000000, 0.000000, 1.000000, 0.000000, -0.939175, 5.076661, 0.000000, 1.000000]},
		{"FixtureType":"Tree branch",
		"Matrix":[1.242619, 0.000000, 0.000000, 0.000000, 0.000000, 0.436548, -1.117962, 0.000000, 0.000000, 0.899686, 0.542460, 0.000000, 1.596915, 3.658091, 1.974137, 1.000000]}
	]
}
=======
{
	"Fixtures":[
		{"FixtureType":"Tree branch",
		"IP":"2.1.168.192",
		"Matrix":[0.907391, 0.000000, 0.420348, 0.000000, -0.419158, -0.075195, 0.904822, 0.000000, 0.031607, -0.997195, -0.068230, 0.000000, -2.105358, 4.146320, -1.583970, 1.000000]},
		{"FixtureType":"Tree branch",
		"IP":"192.168.1.2",
		"Matrix":[0.122445, -0.700756, -0.702826, 0.000000, 0.992484, 0.086454, 0.086709, 0.000000, 0.000000, -0.708155, 0.706069, 0.000000, 1.375506, 1.392058, 0.012446, 1.000000]},
		{"FixtureType":"Tree branch",
		"Matrix":[1.000000, 0.000000, 0.000000, 0.000000, 0.000000, 1.000000, 0.000000, 0.000000, 0.000000, 0.000000, 1.000000, 0.000000, 5.139630, 6.355574, 0.000000, 1.000000]},
		{"FixtureType":"Tree branch",
		"Matrix":[1.000000, 0.000000, 0.000000, 0.000000, 0.000000, 1.000000, 0.000000, 0.000000, 0.000000, 0.000000, 1.000000, 0.000000, -0.939175, 5.076661, 0.000000, 1.000000]},
		{"FixtureType":"Tree branch",
		"Matrix":[1.242619, 0.000000, 0.000000, 0.000000, 0.000000, 0.436548, -1.117962, 0.000000, 0.000000, 0.899686, 0.542460, 0.000000, 1.596915, 3.658091, 1.974137, 1.000000]}
	]
}
>>>>>>> origin/master
