{
	"Fixtures":[
		{"FixtureType":"Leafs Chanel Zero",
		"IP":"192.168.1.48",
    "FixtureId": 1,
    "NextFixtureId": 2,
		"Matrix":[1.000004, 0.000000, 0.000000, 0.000000, 0.000000, -0.198622, -0.980081, 0.000000, 0.000000, 0.980081, -0.198622, 0.000000, 3.121038, 0.500873, -0.161827, 1.000000]},
		{"FixtureType":"Leafs Chanel Zero",
    "FixtureId": 2,
    "NextFixtureId": 3,
		"Matrix":[1.000004, 0.000000, 0.000000, 0.000000, 0.000000, -0.198622, -0.980081, 0.000000, 0.000000, 0.980081, -0.198622, 0.000000, 4.121043, 0.544600, 0.053942, 1.000000]},
		{"FixtureType":"Leafs Chanel Zero",
    "FixtureId": 3,
    "NextFixtureId": 4,
		"Matrix":[1.000004, 0.000000, 0.000000, 0.000000, 0.000000, -0.198622, -0.980081, 0.000000, 0.000000, 0.980081, -0.198622, 0.000000, 5.121047, 0.544600, 0.977129, 1.000000]},
		{"FixtureType":"Leafs Chanel Zero",
    "FixtureId": 4,
		"Matrix":[1.000004, 0.000000, 0.000000, 0.000000, 0.000000, -0.198622, -0.980081, 0.000000, 0.000000, 0.980081, -0.198622, 0.000000, 0.105994, 0.544600, 0.053942, 1.000000]},
		{"FixtureType":"Leafs Chanel Four",
  	"IP":"192.168.1.48",
    "FixtureId": 15,
    "NextFixtureId": 17,
		"Matrix":[1.000004, 0.000000, 0.000000, 0.000000, 0.000000, 0.848880, -0.528594, 0.000000, 0.000000, 0.528594, 0.848880, 0.000000, 4.775091, 1.260840, -0.550875, 1.000000]},
		{"FixtureType":"Leafs Chanel Four",
    "FixtureId": 17,
    "NextFixtureId": 41,
		"Matrix":[1.000004, 0.000000, 0.000000, 0.000000, 0.000000, 0.895702, -0.444665, 0.000000, 0.000000, 0.444665, 0.895702, 0.000000, 5.081069, 1.260840, -1.019884, 1.000000]},
		{"FixtureType":"Leafs Chanel Four",
    "FixtureId": 41,
    "NextFixtureId": 43,
		"Matrix":[1.000000, 0.000000, 0.000000, 0.000000, 0.000000, 1.000000, 0.000000, 0.000000, 0.000000, 0.000000, 1.000000, 0.000000, 6.153119, 1.260840, 0.000000, 1.000000]},
		{"FixtureType":"Leafs Chanel Four",
    "FixtureId": 47,
		"Matrix":[1.000004, 0.000000, 0.000000, 0.000000, 0.000000, 0.987109, -0.160073, 0.000000, 0.000000, 0.160073, 0.987109, 0.000000, 4.324676, 1.481212, -0.864163, 1.000000]},
		{"FixtureType":"Merge1",
		"Matrix":[1.000000, 0.000000, 0.000000, 0.000000, 0.000000, 1.000000, 0.000000, 0.000000, 0.000000, 0.000000, 1.000000, 0.000000, 0.000000, 3.683506, 0.000000, 1.000000]}
	]
}
