{
	"Fixtures":[
		{"FixtureType":"Tree branch",
		"Matrix":[1.000000, 0.000000, 0.000000, 0.000000, 0.000000, 1.000000, 0.000000, 0.000000, 0.000000, 0.000000, 1.000000, 0.000000, -2.638689, 2.305101, 0.685747, 1.000000]},
		{"FixtureType":"Tree branch",
		"Matrix":[1.000009, 0.000000, 0.000000, 0.000000, 0.000000, 0.277184, -0.960826, 0.000000, 0.000000, 0.960826, 0.277184, 0.000000, -2.567442, 1.944270, 0.000000, 1.000000]},
		{"FixtureType":"Tree branch",
		"Matrix":[1.000009, 0.000000, 0.000000, 0.000000, 0.000000, 0.074621, 0.997221, 0.000000, 0.000000, -0.997221, 0.074621, 0.000000, -2.527464, 1.887027, 1.247790, 1.000000]},
		{"FixtureType":"Tree branch",
		"Matrix":[0.034113, 0.169188, -0.985019, 0.000000, 0.998611, -0.046000, 0.026683, 0.000000, -0.040795, -0.984536, -0.170518, 0.000000, -1.372819, 2.098508, 0.990724, 1.000000]},
		{"FixtureType":"Tree branch",
		"Matrix":[0.344716, 0.169189, 0.923371, 0.000000, -0.933094, -0.046000, 0.356775, 0.000000, 0.102834, -0.984544, 0.142008, 0.000000, -3.433332, 2.098508, 0.990724, 1.000000]}
	]
}
