{
	"Fixtures":[
		{"FixtureType":"Tree branch",
		"Matrix":[0.624759, 0.000000, 0.780828, 0.000000, 0.653028, 0.548236, -0.522503, 0.000000, -0.428074, 0.836334, 0.342512, 0.000000, 1.020187, 4.108742, 0.000000, 1.000000]},
		{"FixtureType":"Tree branch",
		"Matrix":[1.000004, 0.000000, 0.000000, 0.000000, 0.000000, 0.718052, -0.695996, 0.000000, 0.000000, 0.695996, 0.718052, 0.000000, 0.000000, 4.085211, 0.000000, 1.000000]},
		{"FixtureType":"Tree branch",
		"Matrix":[0.998370, 0.057227, 0.000000, 0.000000, -0.023770, 0.414692, -0.909661, 0.000000, -0.052056, 0.908170, 0.415372, 0.000000, 0.490755, 4.533200, 0.000000, 1.000000]},
		{"FixtureType":"Tree branch",
		"Matrix":[0.458616, 0.256853, -0.850735, 0.000000, -0.888662, 0.130668, -0.439611, 0.000000, -0.001751, 0.957603, 0.288175, 0.000000, -1.097827, 4.041007, 0.057256, 1.000000]},
		{"FixtureType":"Tree branch",
		"Matrix":[-0.293043, -0.164122, -0.941930, 0.000000, -0.922857, 0.306156, 0.233765, 0.000000, 0.250006, 0.937750, -0.241173, 0.000000, -1.185900, 4.187911, 1.318648, 1.000000]},
		{"FixtureType":"Tree branch",
		"Matrix":[-0.339545, -0.020653, -0.940395, 0.000000, -0.920997, 0.210459, 0.327920, 0.000000, 0.191136, 0.977415, -0.090479, 0.000000, -1.575516, 4.498237, 0.555942, 1.000000]},
		{"FixtureType":"Tree branch",
		"Matrix":[1.000000, 0.000000, 0.000000, 0.000000, 0.000000, 1.000000, 0.000000, 0.000000, 0.000000, 0.000000, 1.000000, 0.000000, 1.323303, 4.838694, 0.000000, 1.000000]}
	]
}
